2
1
alexis 1 10 4 3 0
matthias 2 9 4 6 0
0 32 0 0 0 0 15 0
0 32 0 0 0 0 15 0
0 32 0 0 0 0 15 0
0 32 0 0 0 0 15 0
0 32 0 0 0 0 15 0
0 32 0 0 0 0 15 0
0 32 0 0 0 0 15 0
0 32 0 0 0 0 15 0
0 32 0 0 0 0 15 0
0 32 0 0 0 0 15 0
0 32 0 0 0 0 15 0
0 32 0 0 0 0 15 0
0 32 0 0 0 0 15 0
0 32 0 0 0 0 15 0
0 32 0 0 0 0 15 0
0 32 0 0 0 0 15 0
0 32 0 0 0 0 15 0
0 32 0 0 0 0 15 0
0 32 0 0 0 0 15 0
0 32 0 0 0 0 15 0
0 32 0 0 0 0 15 0
0 32 0 0 0 0 15 0
0 32 0 0 0 0 15 0
0 32 0 0 0 0 15 0
0 32 0 0 0 0 15 0
0 32 0 0 0 0 15 0
0 32 0 0 0 0 15 0
0 32 0 0 0 0 15 0
0 32 0 0 0 0 15 0
0 32 0 0 0 0 15 0
0 32 0 1 0 0 15 0
1 49 0 1 0 0 15 0
0 32 0 0 0 0 15 0
0 32 0 0 0 0 15 0
0 32 0 0 0 0 15 0
0 32 0 0 0 0 15 0
0 32 0 0 0 0 15 0
0 32 0 0 0 0 15 0
0 32 0 0 0 0 15 0
0 32 0 0 0 0 15 0
0 32 0 0 0 0 15 0
0 32 0 0 0 0 15 0
0 32 0 0 0 0 15 0
0 32 0 0 0 0 15 0
0 32 0 0 0 0 15 0
0 32 0 0 0 0 15 0
0 32 0 0 0 0 15 0
0 32 0 0 0 0 15 0
0 32 0 0 0 0 15 0
0 32 0 0 0 0 15 0
0 32 0 0 0 0 15 0
0 32 0 0 0 0 15 0
0 32 0 0 0 0 15 0
0 32 0 0 0 0 15 0
0 32 0 0 0 0 15 0
0 32 0 0 0 0 15 0
0 32 0 0 0 0 15 0
0 32 0 0 0 0 15 0
1 50 0 0 0 0 15 0
0 32 0 0 0 0 15 0
0 32 0 0 0 0 15 0
0 32 0 0 0 0 15 0
0 32 0 0 0 0 15 0
0 32 0 0 0 0 15 0
0 32 0 0 0 0 15 0
0 32 0 0 0 0 15 0
0 32 0 0 0 0 15 0
0 32 0 0 0 0 15 0
0 32 0 0 0 0 15 0
0 32 0 0 0 0 15 0
0 32 0 0 0 0 15 0
0 32 0 0 0 0 15 0
0 32 0 0 0 0 15 0
0 32 0 0 0 0 15 0
0 32 0 0 0 0 15 0
0 32 0 0 0 0 15 0
0 32 0 0 0 0 15 0
0 32 0 0 0 0 15 0
0 32 0 0 0 0 15 0
0 32 0 0 0 0 15 0
0 32 0 0 0 0 15 0
