2
1
alexis 1 10 4 1 0
matthias 2 10 4 8 0
0 32 0 0 0 0 15 0
0 32 0 0 0 0 15 0
0 32 0 0 0 0 15 0
0 32 0 0 0 0 15 0
0 32 0 0 0 0 15 0
0 32 0 0 0 0 15 0
0 32 0 0 0 0 15 0
0 32 0 0 0 0 15 0
0 32 0 0 0 0 15 0
0 32 0 0 0 0 15 0
0 32 0 0 0 0 15 0
0 32 0 0 0 0 15 0
0 32 0 0 0 0 15 0
1 49 0 0 0 0 15 0
0 32 0 0 0 0 15 0
0 32 0 0 0 0 15 0
0 32 0 0 0 0 15 0
0 32 0 0 0 0 15 0
0 32 0 0 0 0 15 0
0 32 0 0 0 0 15 0
0 32 0 0 0 0 15 0
0 32 0 0 0 0 15 0
0 32 0 0 0 0 15 0
0 32 0 0 0 0 15 0
0 32 0 0 0 0 15 0
0 32 0 0 0 0 15 0
0 32 0 0 0 0 15 0
0 32 0 0 0 0 15 0
0 32 0 0 0 0 15 0
0 32 0 0 0 0 15 0
0 32 0 0 0 0 15 0
0 32 0 0 0 0 15 0
0 32 0 0 0 0 15 0
0 32 0 0 0 0 15 0
0 32 0 0 0 0 15 0
0 32 0 0 0 0 15 0
0 32 0 0 0 0 15 0
0 32 0 0 0 0 15 0
0 32 0 0 0 0 15 0
0 32 0 0 0 0 15 0
0 32 0 0 0 0 15 0
0 32 0 0 0 0 15 0
0 32 0 0 0 0 15 0
0 32 0 0 0 0 15 0
0 32 0 0 0 0 15 0
0 32 0 0 0 0 15 0
0 32 0 0 0 0 15 0
0 32 0 0 0 0 15 0
0 32 0 0 0 0 15 0
0 32 0 0 0 0 15 0
0 32 0 0 0 0 15 0
0 32 0 0 0 0 15 0
0 32 0 0 0 0 15 0
0 32 0 0 0 0 15 0
0 32 0 0 0 0 15 0
0 32 0 0 0 0 15 0
0 32 0 0 0 0 15 0
0 32 0 0 0 0 15 0
0 32 0 0 0 0 15 0
0 32 0 0 0 0 15 0
0 32 0 0 0 0 15 0
0 32 0 0 0 0 15 0
0 32 0 0 0 0 15 0
0 32 0 0 0 0 15 0
0 32 0 0 0 0 15 0
0 32 0 0 0 0 15 0
0 32 0 0 0 0 15 0
0 32 0 0 0 0 15 0
0 32 0 0 0 0 15 0
0 32 0 0 0 0 15 0
0 32 0 0 0 0 15 0
0 32 0 0 0 0 15 0
0 32 0 0 0 0 15 0
0 32 0 0 0 0 15 0
0 32 0 0 0 0 15 0
0 32 0 0 0 0 15 0
1 50 0 0 0 0 15 0
0 32 0 0 0 0 15 0
0 32 0 0 0 0 15 0
0 32 0 0 0 0 15 0
0 32 0 0 0 0 15 0
