2
1
aled 1 10 4 0 0
maim 2 10 4 7 0
0 32 0 0 0 0 15 0
0 32 0 0 0 0 15 0
0 32 0 0 0 0 15 0
0 32 0 0 0 0 15 0
1 49 0 0 0 0 15 0
0 32 0 0 0 0 15 0
0 32 0 0 0 0 15 0
0 32 0 0 0 0 15 0
0 32 0 0 0 0 15 0
0 32 0 0 0 0 15 0
0 32 0 0 0 0 15 0
0 32 0 0 0 0 15 0
0 32 0 0 0 0 15 0
0 32 0 0 0 0 15 0
0 32 0 0 0 0 15 0
0 32 0 0 0 0 15 0
0 32 0 0 0 0 15 0
0 32 0 0 0 0 15 0
0 32 0 0 0 0 15 0
0 32 0 0 0 0 15 0
0 32 0 0 0 0 15 0
0 32 0 0 0 0 15 0
0 32 0 0 0 0 15 0
0 32 0 0 0 0 15 0
0 32 0 0 0 0 15 0
0 32 0 0 0 0 15 0
0 32 0 0 0 0 15 0
0 32 0 0 0 0 15 0
0 32 0 0 0 0 15 0
0 32 0 0 0 0 15 0
0 32 0 0 0 0 15 0
0 32 0 0 0 0 15 0
0 32 0 0 0 0 15 0
0 32 0 0 0 0 15 0
0 32 0 0 0 0 15 0
0 32 0 0 0 0 15 0
0 32 0 0 0 0 15 0
0 32 0 0 0 0 15 0
0 32 0 0 0 0 15 0
0 32 0 0 0 0 15 0
0 32 0 0 0 0 15 0
0 32 0 0 0 0 15 0
0 32 0 0 0 0 15 0
0 32 0 0 0 0 15 0
0 32 0 0 0 0 15 0
0 32 0 0 0 0 15 0
0 32 0 0 0 0 15 0
0 32 0 0 0 0 15 0
0 32 0 0 0 0 15 0
0 32 0 0 0 0 15 0
0 32 0 0 0 0 15 0
0 32 0 0 0 0 15 0
0 32 0 0 0 0 15 0
0 32 0 0 0 0 15 0
0 32 0 0 0 0 15 0
0 32 0 0 0 0 15 0
0 32 0 0 0 0 15 0
0 32 0 0 0 0 15 0
0 32 0 0 0 0 15 0
0 32 0 0 0 0 15 0
0 32 0 0 0 0 15 0
0 32 0 0 0 0 15 0
0 32 0 0 0 0 15 0
0 32 0 0 0 0 15 0
0 32 0 0 0 0 15 0
0 32 0 0 0 0 15 0
0 32 0 0 0 0 15 0
1 50 0 0 0 0 15 0
0 32 0 0 0 0 15 0
0 32 0 0 0 0 15 0
0 32 0 0 0 0 15 0
0 32 0 0 0 0 15 0
0 32 0 0 0 0 15 0
0 32 0 0 0 0 15 0
0 32 0 0 0 0 15 0
0 32 0 0 0 0 15 0
0 32 0 0 0 0 15 0
0 32 0 0 0 0 15 0
0 32 0 0 0 0 15 0
0 32 0 0 0 0 15 0
0 32 0 0 0 0 15 0
