2
0
matthias 1 10 3 7 0
chloe 2 10 3 1 0
0 32 0 0 0 0 15 0
0 32 0 0 0 0 15 0
0 32 0 0 0 0 15 0
0 32 0 0 0 0 15 0
0 32 0 0 0 0 15 0
0 32 0 0 0 0 15 0
0 32 0 0 0 0 15 0
0 32 0 0 0 0 15 0
0 32 0 0 0 0 15 0
0 32 0 0 0 0 15 0
0 32 0 0 0 0 15 0
0 32 0 0 0 0 15 0
1 50 0 0 0 0 15 0
0 32 0 0 0 0 15 0
0 32 0 0 0 0 15 0
0 32 0 0 0 0 15 0
0 32 0 0 0 0 15 0
0 32 0 0 0 0 15 0
0 32 0 0 0 0 15 0
0 32 0 0 0 0 15 0
0 32 0 0 0 0 15 0
0 32 0 0 0 0 15 0
0 32 0 0 0 0 15 0
0 32 0 0 0 0 15 0
0 32 0 0 0 0 15 0
0 32 0 0 0 0 15 0
0 32 0 0 0 0 15 0
0 32 0 0 0 0 15 0
0 32 0 0 0 0 15 0
0 32 0 0 0 0 15 0
0 32 0 0 0 0 15 0
0 32 0 0 0 0 15 0
0 32 0 0 0 0 15 0
0 32 0 0 0 0 15 0
0 32 0 0 0 0 15 0
0 32 0 0 0 0 15 0
0 32 0 0 0 0 15 0
0 32 0 0 0 0 15 0
0 32 0 0 0 0 15 0
0 32 0 0 0 0 15 0
0 32 0 0 0 0 15 0
0 32 0 0 0 0 15 0
0 32 0 0 0 0 15 0
0 32 0 0 0 0 15 0
0 32 0 0 0 0 15 0
0 32 0 0 0 0 15 0
0 32 0 0 0 0 15 0
0 32 0 0 0 0 15 0
0 32 0 0 0 0 15 0
0 32 0 0 0 0 15 0
0 32 0 0 0 0 15 0
0 32 0 0 0 0 15 0
0 32 0 0 0 0 15 0
0 32 0 0 0 0 15 0
0 32 0 0 0 0 15 0
0 32 0 0 0 0 15 0
0 32 0 0 0 0 15 0
0 32 0 0 0 0 15 0
0 32 0 0 0 0 15 0
0 32 0 0 0 0 15 0
0 32 0 0 0 0 15 0
0 32 0 0 0 0 15 0
0 32 0 0 0 0 15 0
0 32 0 0 0 0 15 0
0 32 0 0 0 0 15 0
0 32 0 0 0 0 15 0
1 49 0 0 0 0 15 0
0 32 0 0 0 0 15 0
0 32 0 0 0 0 15 0
0 32 0 0 0 0 15 0
0 32 0 0 0 0 15 0
0 32 0 0 0 0 15 0
0 32 0 0 0 0 15 0
0 32 0 0 0 0 15 0
0 32 0 0 0 0 15 0
0 32 0 0 0 0 15 0
0 32 0 0 0 0 15 0
0 32 0 0 0 0 15 0
0 32 0 0 0 0 15 0
0 32 0 0 0 0 15 0
0 32 0 0 0 0 15 0
