2
1
matthias 1 9 4 1 0
alexis 2 9 4 8 0
0 32 0 0 0 0 15 0
0 32 0 0 0 0 15 0
0 32 0 0 0 0 15 0
0 32 0 0 0 0 15 0
0 32 0 0 0 0 15 0
0 32 0 0 0 0 15 0
0 32 0 0 0 0 15 0
0 32 0 0 0 0 15 0
0 32 0 0 0 0 15 0
0 32 0 0 0 0 15 0
0 32 0 0 0 0 15 0
0 32 0 0 0 0 15 0
0 32 0 0 0 0 15 0
1 49 0 0 0 0 15 0
0 32 0 0 0 0 15 0
0 32 0 0 0 0 15 0
0 32 0 0 0 0 15 0
0 32 0 0 0 0 15 0
0 32 0 0 0 0 15 0
0 32 0 0 0 0 15 0
0 32 0 0 0 0 15 0
0 32 0 0 0 0 15 0
0 32 0 0 0 0 15 0
0 32 0 0 0 0 15 0
0 32 0 0 0 0 15 0
0 32 0 0 0 0 15 0
0 32 0 0 0 0 15 0
0 32 0 0 0 0 15 0
0 32 0 0 0 0 15 0
0 32 0 0 0 0 15 0
0 32 0 0 0 0 15 0
0 32 0 0 0 0 15 0
0 32 0 0 0 0 15 0
0 32 0 0 0 0 15 0
0 32 0 0 0 0 15 0
0 32 0 0 0 0 15 0
0 32 0 0 0 0 15 0
0 32 0 0 0 0 15 0
0 32 0 0 0 0 15 0
0 32 0 0 0 0 15 0
0 32 0 1 0 1 15 0
0 32 0 1 0 0 15 0
0 32 0 0 0 0 15 0
0 32 0 0 0 0 15 0
0 32 0 0 0 0 15 0
0 32 0 0 0 0 15 0
0 32 0 0 0 0 15 0
0 32 0 0 0 0 15 0
0 32 0 0 0 0 15 0
0 32 0 0 0 1 15 0
0 32 0 0 0 0 15 0
0 32 0 0 0 0 15 0
0 32 0 0 0 0 15 0
0 32 0 0 0 0 15 0
0 32 0 0 0 0 15 0
0 32 0 0 0 0 15 0
0 32 0 0 0 0 15 0
0 32 0 0 0 0 15 0
0 32 0 0 0 0 15 0
0 32 0 0 0 0 15 0
0 32 0 0 0 0 15 0
0 32 0 0 0 0 15 0
0 32 0 0 0 0 15 0
0 32 0 0 0 0 15 0
0 32 0 0 0 0 15 0
0 32 0 0 0 0 15 0
0 32 0 0 0 0 15 0
0 32 0 0 0 0 15 0
0 32 0 0 0 0 15 0
0 32 0 0 0 0 15 0
0 32 0 0 0 0 15 0
0 32 0 0 0 0 15 0
0 32 0 0 0 0 15 0
0 32 0 0 0 0 15 0
0 32 0 0 0 0 15 0
0 32 0 0 0 0 15 0
1 50 0 0 0 0 15 0
0 32 0 0 0 0 15 0
0 32 0 0 0 0 15 0
0 32 0 0 0 0 15 0
0 32 0 0 0 0 15 0
